1	2363
2	2364
3	2365
4	2368
5	2367
6	2366
7	4674
8	2369
9	2370
10	2373
11	2372
12	2371
13	2374
14	2375
15	2378
16	2377
17	2376
18	2379
19	19
20	20
21	2380
22	2381
23	2384
24	2383
25	2382
26	26
27	27
28	2387
29	2388
30	2389
31	2392
32	2391
33	2390
34	2393
35	2396
36	2395
37	2394
38	2397
39	2400
40	2399
41	2398
42	2401
43	2404
44	2403
45	2402
46	2405
47	2408
48	2407
49	2406
50	2409
51	2412
52	2411
53	2410
54	2413
55	2416
56	2415
57	2414
58	2417
59	2420
60	2419
61	2418
62	2421
63	2422
64	2423
65	2426
66	2425
67	2424
68	2427
69	2430
70	2429
71	2428
72	2431
73	2433
74	2432
75	2434
76	2437
77	2436
78	2435
79	2438
80	2440
81	2439
82	2441
83	2444
84	2443
85	2442
86	2445
87	2448
88	2447
89	2446
90	2449
91	2451
92	2450
93	2452
94	2454
95	2453
96	2455
97	2458
98	2457
99	2456
100	2459
101	2462
102	2461
103	2460
104	2463
105	2466
106	2465
107	2464
108	2467
109	2468
110	2471
111	2470
112	2472
113	2475
114	2474
115	2473
116	2476
117	2478
118	2477
119	2479
120	120
121	121
122	2480
123	2481
124	2484
125	2483
126	2482
127	2485
128	2488
129	2487
130	2486
131	2489
132	2492
133	2491
134	2490
135	2493
136	136
137	137
138	2494
139	2495
140	2498
141	2497
142	2496
143	2499
144	2502
145	2501
146	2500
147	2503
148	2506
149	2505
150	2504
151	2509
152	2508
153	2507
154	2510
155	2513
156	2512
157	2511
158	2514
159	2517
160	2516
161	2515
162	2518
163	2521
164	2520
165	2519
166	2522
167	2523
168	2528
169	2527
170	2526
171	2529
172	2532
173	2531
174	2530
175	2533
176	2536
177	2535
178	2534
179	2537
180	2540
181	2539
182	2538
183	2541
184	2544
185	2543
186	2542
187	2545
188	2548
189	2547
190	2546
191	2549
192	2550
193	2551
194	2552
195	195
196	196
197	2553
198	2555
199	2554
200	2556
201	2557
202	2558
203	2560
204	2559
205	2561
206	2563
207	2562
208	2564
209	2566
210	2565
211	2567
212	2570
213	2569
214	2568
215	2571
216	2573
217	2572
218	2574
219	219
220	220
221	2575
222	2576
223	2579
224	2578
225	2577
226	2580
227	2583
228	2582
229	2581
230	2584
231	2587
232	2586
233	2585
234	2588
235	2591
236	2590
237	2589
238	2592
239	2595
240	2594
241	2593
242	2596
243	2599
244	2598
245	2597
246	2600
247	2602
248	2601
249	2603
250	2606
251	2605
252	2604
253	2607
254	2610
255	2609
256	2608
257	2611
258	2614
259	2613
260	2612
261	2615
262	2618
263	2617
264	2616
265	2619
266	2622
267	2621
268	2620
269	2623
270	2626
271	2625
272	2624
273	2628
274	2627
275	2629
276	2630
277	2631
278	2634
279	2633
280	2632
281	2635
282	2637
283	2636
284	2638
285	2641
286	2640
287	2639
288	2642
289	2643
290	2644
291	2647
292	2646
293	2645
294	2648
295	2651
296	2650
297	2649
298	2652
299	2655
300	2654
301	2653
302	2656
303	2659
304	2658
305	2657
306	2661
307	2660
308	2663
309	2662
310	2664
311	2666
312	2665
313	2667
314	2670
315	2669
316	2668
317	2671
318	2674
319	2673
320	2672
321	2675
322	2676
323	2677
324	2679
325	2678
326	2680
327	2683
328	2682
329	2681
330	2684
331	2686
332	2685
333	2688
334	2687
335	2689
336	2692
337	2691
338	2690
339	2694
340	2693
341	2695
342	2698
343	2697
344	2696
345	2699
346	2702
347	2701
348	2700
349	2703
350	2705
351	2704
352	2706
353	2709
354	2708
355	2707
356	2710
357	2712
358	2711
359	2713
360	2716
361	2715
362	2714
363	2717
364	2720
365	2719
366	2718
367	2721
368	2723
369	2722
370	2724
371	2727
372	2726
373	2725
374	2728
375	2731
376	2730
377	2729
378	2732
379	2733
380	2735
381	2734
382	2736
383	2737
384	2738
385	2740
386	2739
387	2741
388	2744
389	2743
390	2742
391	2745
392	2747
393	2746
394	2748
395	2749
396	2750
397	2751
398	2753
399	2752
400	400
401	2754
402	2757
403	2756
404	2755
405	2758
406	2759
407	2760
408	2763
409	2762
410	2761
411	2766
412	2765
413	2764
414	2768
415	2767
416	2769
417	2772
418	2771
419	2770
420	2773
421	2774
422	2775
423	2777
424	2776
425	2778
426	2780
427	2779
428	2782
429	2783
430	2786
431	2785
432	2784
433	2787
434	2788
435	2789
436	2790
437	2791
438	2794
439	2793
440	2792
441	2796
442	2795
443	2798
444	2797
445	2799
446	2801
447	2800
448	2802
449	2805
450	2804
451	2803
452	2806
453	2809
454	2808
455	2807
456	2810
457	2813
458	2812
459	2811
460	2814
461	2817
462	2816
463	2815
464	2818
465	2820
466	2819
467	2821
468	2822
469	2824
470	2823
471	2825
472	2826
473	2827
474	2830
475	2829
476	2828
477	2831
478	2834
479	2833
480	2832
481	2835
482	2838
483	2837
484	2836
485	2839
486	2840
487	2843
488	2842
489	2841
490	490
491	491
492	2844
493	2845
494	2846
495	2849
496	2848
497	2847
498	2850
499	2851
500	2852
501	2854
502	2853
503	503
504	2855
505	2857
506	2856
507	2859
508	2858
509	2860
510	2862
511	2861
512	2863
513	2865
514	2864
515	2866
516	2868
517	2867
518	2869
519	2871
520	2870
521	2872
522	2874
523	2873
524	2877
525	2876
526	2875
527	2879
528	2878
529	2881
530	2880
531	2882
532	2885
533	2884
534	2883
535	2886
536	2888
537	2887
538	2889
539	2890
540	2891
541	2893
542	2892
543	2895
544	2894
545	2896
546	2899
547	2898
548	2897
549	2900
550	2903
551	2902
552	2901
553	2905
554	2907
555	2910
556	2909
557	2908
558	2911
559	2914
560	2913
561	2912
562	2915
563	2918
564	2917
565	2916
566	2919
567	2920
568	2921
569	2923
570	2922
571	2924
572	2925
573	2928
574	2927
575	2926
576	2931
577	2930
578	2929
579	2932
580	2934
581	2933
582	2936
583	2935
584	2937
585	2939
586	2938
587	2940
588	2941
589	2942
590	2943
591	2945
592	2944
593	2946
594	2948
595	2947
596	2949
597	2952
598	2951
599	2950
600	2953
601	2954
602	2955
603	2958
604	2957
605	2956
606	2960
607	2959
608	2961
609	2963
610	2962
611	2965
612	2964
613	2966
614	2967
615	2970
616	2969
617	2968
618	2971
619	2972
620	2975
621	2974
622	2973
623	2976
624	2978
625	2977
626	2979
627	2981
628	2980
629	2982
630	2983
631	2986
632	2985
633	2984
634	2988
635	2987
636	2989
637	2990
638	2992
639	2991
640	2995
641	2994
642	2993
643	2996
644	2997
645	2999
646	2998
647	3000
648	3003
649	3002
650	3001
651	3004
652	3006
653	3005
654	3007
655	3009
656	3008
657	3011
658	3010
659	3012
660	3013
661	3016
662	3015
663	3014
664	3017
665	3018
666	3019
667	3022
668	3020
669	3023
670	3025
671	3024
672	3026
673	3029
674	3028
675	3027
676	3030
677	3031
678	3032
679	3033
680	3034
681	3035
682	3036
683	3037
684	684
685	685
686	3038
687	3039
688	3040
689	3041
690	3042
691	3043
692	3044
693	3047
694	3046
695	3045
696	3049
697	3052
698	3051
699	3050
700	3053
701	3054
702	3055
703	3056
704	3057
705	3058
706	3059
707	3060
708	3063
709	3062
710	3061
711	3064
712	3065
713	3068
714	3067
715	3066
716	3069
717	3072
718	3071
719	3070
720	3073
721	3074
722	3076
723	3075
724	3077
725	3078
726	3080
727	3079
728	3081
729	3082
730	3083
731	3086
732	3085
733	3084
734	3088
735	3087
736	3089
737	3092
738	3091
739	3090
740	3093
741	3095
742	3094
743	3096
744	3099
745	3098
746	3097
747	3100
748	3102
749	3101
750	3103
751	751
752	3104
753	3105
754	3106
755	3107
756	3108
757	3109
758	3110
759	3111
760	3114
761	3113
762	3112
763	3116
764	3115
765	3117
766	3119
767	3118
768	3120
769	3122
770	3121
771	3123
772	3124
773	3126
774	3125
775	3127
776	3129
777	3128
778	3130
779	3131
780	3132
781	3133
782	3134
783	3136
784	3135
785	3137
786	3139
787	3138
788	3140
789	3141
790	3143
791	3142
792	3144
793	3145
794	3146
795	3147
796	3149
797	3148
798	3150
799	3151
800	3153
801	3152
802	3155
803	3154
804	3156
805	3157
806	3160
807	3159
808	3158
809	809
810	810
811	3161
812	3162
813	3164
814	3163
815	3166
816	3165
817	3167
818	3169
819	3168
820	3170
821	3171
822	3172
823	3175
824	3174
825	3173
826	3176
827	3178
828	3177
829	3179
830	3182
831	3181
832	3180
833	3183
834	3184
835	3185
836	3188
837	3187
838	3186
839	3189
840	3191
841	3190
842	3193
843	3192
844	3194
845	3195
846	3197
847	3196
848	3199
849	3198
850	3200
851	3201
852	3203
853	3202
854	3205
855	3204
856	3206
857	3207
858	3208
859	3211
860	3210
861	3209
862	3213
863	3212
864	3214
865	3216
866	3215
867	3218
868	3217
869	3219
870	3221
871	3220
872	3223
873	3222
874	3224
875	3225
876	3226
877	3227
878	3230
879	3229
880	3228
881	3231
882	3232
883	3233
884	3236
885	3235
886	3234
887	3237
888	3240
889	3239
890	3238
891	3241
892	3242
893	3243
894	3244
895	3245
896	3246
897	3247
898	3248
899	3249
900	3250
901	3251
902	3253
903	3252
904	3255
905	3254
906	906
907	907
908	3258
909	3257
910	3256
911	3261
912	3262
913	3263
914	3264
915	3266
916	3265
917	3268
918	3270
919	3269
920	3271
921	3272
922	922
923	923
924	3274
925	3273
926	3275
927	3278
928	3277
929	3276
930	3279
931	3280
932	3281
933	3282
934	3285
935	3284
936	3283
937	3286
938	3287
939	3288
940	3291
941	3290
942	3289
943	3292
944	3293
945	3294
946	3297
947	3296
948	3295
949	3299
950	3298
951	3300
952	3301
953	3302
954	3303
955	3306
956	3305
957	3304
958	3307
959	3308
960	3309
961	3310
962	3313
963	3312
964	3311
965	3314
966	3316
967	3315
968	3317
969	3320
970	3319
971	3318
972	3321
973	3323
974	3322
975	3324
976	3325
977	977
978	978
979	3326
980	3327
981	3329
982	3328
983	3330
984	3333
985	3332
986	3331
987	3334
988	3335
989	3336
990	3337
991	3338
992	3339
993	3340
994	3341
995	3342
996	3345
997	3344
998	3343
999	3346
1000	3348
1001	3347
1002	3349
1003	3350
1004	3352
1005	3351
1006	3353
1007	3354
1008	3355
1009	3358
1010	3357
1011	3356
1012	3360
1013	3359
1014	3363
1015	3365
1016	3367
1017	3366
1018	3368
1019	3369
1020	3370
1021	3371
1022	3372
1023	1023
1024	3373
1025	3375
1026	3374
1027	3376
1028	3377
1029	3378
1030	3379
1031	3380
1032	3381
1033	3382
1034	1034
1035	1035
1036	3384
1037	3383
1038	3385
1039	3388
1040	3387
1041	3386
1042	3389
1043	3390
1044	3393
1045	3392
1046	3391
1047	3394
1048	3395
1049	3398
1050	3397
1051	3400
1052	3399
1053	3401
1054	3402
1055	3403
1056	3404
1057	3405
1058	3406
1059	3408
1060	3407
1061	1061
1062	3409
1063	3411
1064	3410
1065	3412
1066	3415
1067	3414
1068	3413
1069	3417
1070	3416
1071	3418
1072	3421
1073	3420
1074	3419
1075	3422
1076	3423
1077	3425
1078	3424
1079	3427
1080	3426
1081	3428
1082	3429
1083	3430
1084	3431
1085	3432
1086	3433
1087	3436
1088	3435
1089	3434
1090	3438
1091	3437
1092	3439
1093	3440
1094	3441
1095	3442
1096	3443
1097	3444
1098	3445
1099	3447
1100	3446
1101	3448
1102	3449
1103	3450
1104	1104
1105	1105
1106	3451
1107	3452
1108	3453
1109	3454
1110	3456
1111	3455
1112	3457
1113	3458
1114	3459
1115	3460
1116	3461
1117	3463
1118	3462
1119	3464
1120	3465
1121	3467
1122	3466
1123	3468
1124	3469
1125	3470
1126	3471
1127	3472
1128	3473
1129	3474
1130	3475
1131	3476
1132	3477
1133	3478
1134	3479
1135	3480
1136	3481
1137	3482
1138	3483
1139	3484
1140	3486
1141	3485
1142	3487
1143	3488
1144	3489
1145	3490
1146	3491
1147	3492
1148	3494
1149	3493
1150	3495
1151	3496
1152	3497
1153	3498
1154	3499
1155	3500
1156	3501
1157	3502
1158	3504
1159	3503
1160	3506
1161	3505
1162	3507
1163	3508
1164	3509
1165	3510
1166	3511
1167	3512
1168	3514
1169	3513
1170	3515
1171	3517
1172	3516
1173	3519
1174	3518
1175	3521
1176	3520
1177	3522
1178	3523
1179	3524
1180	3525
1181	3526
1182	3527
1183	3529
1184	3528
1185	3530
1186	3531
1187	3532
1188	3535
1189	3534
1190	3533
1191	3536
1192	3537
1193	3538
1194	1194
1195	1195
1196	3540
1197	3539
1198	3541
1199	3542
1200	3543
1201	3544
1202	3545
1203	3546
1204	3547
1205	3548
1206	3550
1207	3549
1208	1208
1209	3552
1210	3551
1211	3553
1212	3555
1213	3554
1214	3557
1215	3556
1216	3558
1217	3559
1218	3561
1219	3560
1220	3563
1221	3564
1222	3565
1223	3566
1224	3567
1225	3568
1226	3570
1227	3569
1228	3571
1229	3572
1230	3573
1231	3574
1232	3576
1233	3575
1234	3577
1235	3580
1236	3579
1237	3578
1238	3581
1239	3583
1240	3582
1241	3584
1242	3585
1243	3586
1244	3589
1245	3588
1246	3587
1247	3590
1248	3593
1249	3592
1250	3591
1251	3594
1252	3596
1253	3595
1254	3598
1255	3597
1256	3599
1257	3600
1258	3601
1259	3602
1260	3603
1261	3604
1262	3607
1263	3606
1264	3605
1265	3608
1266	3611
1267	3610
1268	3609
1269	3613
1270	3612
1271	3614
1272	3615
1273	3618
1274	3617
1275	3616
1276	3619
1277	3620
1278	3621
1279	3622
1280	3624
1281	3623
1282	3625
1283	3626
1284	3627
1285	3630
1286	3629
1287	3628
1288	3631
1289	3632
1290	3633
1291	3634
1292	3635
1293	3636
1294	3637
1295	3639
1296	3638
1297	3640
1298	3641
1299	3642
1300	3643
1301	3644
1302	3645
1303	3646
1304	3647
1305	3648
1306	3649
1307	3650
1308	3651
1309	3652
1310	3653
1311	3654
1312	3655
1313	3656
1314	3657
1315	3659
1316	3662
1317	3661
1318	3664
1319	3663
1320	3665
1321	3666
1322	3667
1323	3668
1324	3669
1325	3670
1326	3671
1327	3672
1328	3673
1329	3674
1330	3675
1331	3676
1332	3677
1333	3678
1334	3679
1335	3680
1336	3681
1337	3682
1338	3683
1339	3684
1340	3685
1341	3686
1342	3687
1343	3690
1344	3689
1345	3688
1346	3691
1347	3692
1348	3693
1349	3694
1350	3695
1351	3696
1352	3697
1353	3698
1354	3700
1355	3701
1356	3702
1357	3703
1358	3704
1359	3705
1360	3707
1361	3706
1362	3708
1363	3709
1364	3712
1365	3711
1366	3710
1367	3713
1368	3714
1369	3716
1370	3715
1371	3717
1372	3719
1373	3718
1374	3720
1375	3721
1376	3722
1377	3723
1378	3724
1379	3725
1380	3726
1381	3728
1382	3727
1383	3729
1384	3730
1385	3731
1386	3732
1387	3733
1388	3734
1389	3735
1390	3736
1391	3737
1392	3738
1393	3739
1394	3740
1395	3741
1396	3742
1397	3743
1398	3744
1399	3745
1400	3746
1401	3747
1402	3748
1403	3749
1404	3750
1405	3751
1406	3752
1407	3754
1408	3753
1409	3755
1410	3756
1411	3757
1412	3758
1413	3760
1414	3759
1415	3761
1416	3762
1417	3763
1418	3765
1419	3764
1420	3766
1421	3767
1422	1422
1423	1423
1424	3768
1425	1425
1426	1426
1427	3769
1428	3770
1429	3771
1430	3773
1431	3772
1432	3775
1433	3774
1434	3778
1435	3777
1436	3776
1437	3779
1438	3781
1439	3780
1440	3782
1441	3784
1442	3783
1443	3785
1444	3786
1445	3787
1446	3788
1447	3789
1448	3790
1449	3792
1450	3791
1451	3793
1452	3794
1453	3795
1454	3796
1455	3797
1456	3798
1457	3799
1458	3800
1459	3801
1460	3802
1461	3803
1462	3804
1463	3805
1464	3806
1465	3807
1466	3809
1467	3808
1468	3810
1469	3811
1470	1470
1471	1471
1472	3812
1473	3814
1474	3813
1475	3815
1476	3818
1477	3817
1478	3816
1479	3819
1480	3820
1481	3821
1482	3822
1483	3823
1484	3824
1485	3825
1486	3826
1487	3827
1488	3828
1489	3830
1490	3829
1491	1491
1492	3831
1493	3833
1494	3832
1495	3834
1496	3835
1497	3836
1498	3837
1499	3838
1500	3839
1501	3840
1502	3841
1503	3842
1504	3843
1505	3844
1506	3845
1507	3846
1508	3847
1509	3848
1510	3849
1511	3850
1512	3851
1513	3852
1514	3855
1515	3854
1516	3853
1517	3856
1518	3857
1519	3858
1520	3859
1521	3860
1522	3861
1523	3862
1524	3863
1525	3864
1526	3865
1527	3867
1528	3866
1529	3868
1530	3869
1531	3870
1532	3871
1533	3872
1534	3873
1535	3874
1536	3875
1537	3876
1538	3879
1539	3878
1540	3877
1541	3880
1542	3881
1543	3882
1544	3884
1545	3883
1546	3885
1547	1547
1548	1548
1549	1549
1550	3887
1551	3886
1552	3888
1553	3889
1554	3891
1555	3890
1556	3892
1557	3893
1558	3894
1559	1559
1560	3895
1561	1561
1562	3896
1563	3897
1564	3898
1565	1565
1566	3899
1567	3900
1568	3901
1569	3902
1570	3903
1571	3904
1572	3905
1573	3906
1574	3907
1575	3908
1576	3909
1577	3911
1578	3910
1579	3912
1580	3913
1581	3914
1582	3916
1583	3915
1584	3917
1585	3918
1586	3919
1587	3920
1588	3921
1589	3922
1590	3923
1591	3924
1592	3925
1593	3927
1594	3928
1595	1595
1596	1596
1597	3929
1598	3930
1599	3931
1600	3932
1601	3933
1602	3934
1603	3935
1604	3936
1605	3937
1606	3938
1607	1607
1608	3939
1609	1609
1610	1610
1611	1611
1612	1612
1613	1613
1614	1614
1615	1615
1616	1616
1617	1617
1618	1618
1619	3940
1620	3942
1621	3941
1622	3943
1623	3944
1624	3945
1625	3946
1626	3947
1627	1627
1628	3948
1629	3949
1630	3950
1631	3951
1632	3952
1633	3954
1634	3953
1635	3955
1636	3956
1637	3957
1638	3958
1639	3960
1640	3959
1641	3961
1642	3962
1643	3963
1644	3964
1645	3965
1646	3966
1647	3967
1648	3968
1649	3969
1650	3970
1651	3971
1652	3972
1653	3974
1654	3973
1655	3975
1656	3976
1657	3977
1658	3978
1659	3979
1660	3980
1661	3981
1662	3982
1663	3983
1664	3984
1665	3985
1666	3986
1667	3987
1668	3988
1669	3990
1670	3989
1671	3991
1672	3992
1673	3993
1674	3994
1675	3995
1676	3996
1677	3997
1678	3998
1679	4000
1680	3999
1681	4001
1682	4002
1683	4003
1684	4004
1685	4005
1686	4006
1687	4007
1688	4008
1689	4009
1690	4011
1691	4010
1692	4012
1693	4014
1694	4013
1695	4015
1696	4016
1697	4017
1698	4018
1699	1699
1700	1700
1701	1701
1702	1702
1703	1703
1704	1704
1705	1705
1706	1706
1707	1707
1708	1708
1709	1709
1710	1710
1711	1711
1712	1712
1713	4020
1714	1714
1715	1715
1716	1716
1717	1717
1718	1718
1719	1719
1720	4023
1721	4026
1722	4025
1723	4024
1724	4027
1725	4029
1726	4028
1727	4030
1728	4033
1729	4032
1730	4031
1731	4034
1732	4037
1733	4036
1734	4035
1735	4038
1736	4039
1737	4040
1738	4043
1739	4042
1740	4041
1741	4044
1742	4047
1743	4046
1744	4045
1745	4048
1746	4049
1747	4052
1748	4051
1749	4050
1750	4053
1751	4056
1752	4055
1753	4054
1754	4057
1755	4059
1756	4058
1757	4060
1758	4061
1759	4062
1760	4064
1761	4063
1762	4066
1763	4065
1764	4067
1765	4070
1766	4069
1767	4068
1768	4071
1769	4072
1770	4073
1771	4076
1772	4075
1773	4074
1774	4077
1775	4080
1776	4079
1777	4078
1778	4081
1779	4082
1780	4083
1781	4086
1782	4085
1783	4084
1784	4087
1785	4090
1786	4089
1787	4088
1788	4091
1789	4094
1790	4093
1791	4092
1792	4095
1793	4098
1794	4097
1795	4096
1796	4099
1797	4101
1798	4100
1799	4102
1800	4104
1801	4103
1802	4105
1803	4106
1804	4107
1805	4110
1806	4109
1807	4108
1808	4111
1809	4114
1810	4113
1811	4112
1812	4115
1813	4118
1814	4117
1815	4116
1816	4119
1817	4120
1818	4123
1819	4122
1820	4121
1821	4124
1822	4127
1823	4126
1824	4125
1825	4128
1826	4131
1827	4130
1828	4129
1829	4133
1830	4132
1831	4134
1832	4137
1833	4136
1834	4135
1835	4138
1836	4140
1837	4139
1838	4141
1839	4142
1840	4143
1841	4145
1842	4144
1843	4146
1844	4149
1845	4148
1846	4147
1847	4150
1848	4151
1849	4152
1850	4153
1851	4155
1852	4154
1853	4156
1854	4159
1855	4158
1856	4157
1857	4162
1858	4161
1859	4160
1860	4163
1861	4166
1862	4165
1863	4164
1864	4168
1865	4167
1866	4169
1867	4170
1868	4173
1869	4172
1870	4171
1871	4174
1872	4176
1873	4175
1874	4177
1875	4180
1876	4179
1877	4178
1878	4181
1879	4182
1880	4183
1881	4186
1882	4185
1883	4184
1884	4187
1885	4190
1886	4189
1887	4188
1888	4191
1889	4194
1890	4193
1891	4192
1892	4195
1893	4196
1894	4197
1895	4198
1896	4199
1897	4201
1898	4200
1899	4202
1900	4205
1901	4204
1902	4203
1903	4206
1904	4209
1905	4208
1906	4207
1907	4210
1908	4212
1909	4211
1910	4213
1911	4216
1912	4215
1913	4214
1914	4219
1915	4218
1916	4217
1917	4221
1918	4220
1919	4222
1920	4223
1921	4224
1922	4227
1923	4226
1924	4225
1925	4230
1926	4229
1927	4228
1928	4233
1929	4232
1930	4231
1931	4234
1932	4235
1933	4236
1934	4239
1935	4238
1936	4237
1937	4240
1938	4241
1939	4243
1940	4242
1941	4244
1942	4245
1943	4246
1944	4247
1945	4248
1946	4249
1947	4250
1948	4251
1949	4252
1950	4253
1951	4254
1952	4255
1953	4256
1954	4258
1955	4257
1956	4259
1957	4261
1958	4260
1959	4262
1960	4263
1961	4266
1962	4265
1963	4264
1964	4267
1965	4269
1966	4268
1967	4271
1968	4270
1969	4272
1970	4273
1971	4274
1972	4276
1973	4275
1974	4277
1975	4279
1976	4278
1977	4280
1978	4283
1979	4282
1980	4281
1981	4284
1982	4285
1983	4286
1984	4287
1985	4288
1986	4289
1987	4292
1988	4291
1989	4290
1990	4293
1991	4294
1992	4296
1993	4295
1994	4297
1995	4298
1996	4299
1997	4301
1998	4300
1999	4302
2000	4303
2001	4306
2002	4305
2003	4304
2004	4308
2005	4307
2006	4309
2007	4310
2008	4312
2009	4311
2010	4313
2011	4316
2012	4315
2013	4314
2014	4317
2015	4318
2016	4321
2017	4320
2018	4319
2019	4322
2020	4323
2021	4325
2022	4324
2023	4326
2024	4328
2025	4327
2026	4330
2027	4329
2028	4332
2029	4331
2030	4333
2031	4334
2032	4335
2033	4336
2034	4337
2035	4338
2036	4339
2037	4340
2038	4341
2039	4342
2040	4343
2041	4345
2042	4344
2043	4346
2044	4347
2045	4348
2046	4349
2047	4350
2048	4352
2049	4351
2050	4353
2051	4354
2052	4355
2053	4356
2054	4357
2055	4358
2056	4359
2057	4360
2058	4361
2059	4362
2060	4365
2061	4364
2062	4363
2063	4366
2064	4367
2065	4368
2066	4369
2067	4370
2068	4371
2069	4372
2070	4374
2071	4373
2072	4375
2073	4377
2074	4376
2075	4378
2076	4379
2077	4380
2078	4381
2079	4382
2080	4383
2081	4384
2082	4385
2083	4386
2084	4389
2085	4388
2086	4387
2087	4390
2088	4391
2089	4392
2090	4393
2091	4394
2092	4395
2093	4396
2094	4398
2095	4397
2096	4399
2097	4400
2098	4401
2099	4402
2100	4403
2101	4404
2102	4405
2103	4408
2104	4407
2105	4406
2106	4410
2107	4409
2108	4411
2109	4412
2110	4413
2111	4414
2112	4415
2113	4416
2114	4417
2115	4418
2116	4420
2117	4419
2118	4421
2119	4422
2120	4424
2121	4425
2122	4426
2123	4428
2124	4427
2125	4429
2126	4432
2127	4431
2128	4430
2129	4433
2130	4435
2131	4434
2132	4436
2133	4437
2134	4438
2135	4440
2136	4439
2137	4441
2138	4444
2139	4443
2140	4442
2141	4445
2142	4446
2143	4447
2144	4448
2145	4451
2146	4450
2147	4449
2148	4452
2149	4453
2150	4454
2151	4455
2152	4456
2153	4458
2154	4457
2155	4459
2156	4460
2157	4461
2158	4462
2159	4463
2160	4465
2161	4464
2162	4466
2163	4467
2164	4468
2165	4469
2166	4470
2167	4472
2168	4471
2169	4473
2170	4474
2171	4475
2172	4476
2173	4477
2174	4478
2175	4479
2176	4480
2177	4481
2178	4482
2179	4484
2180	4483
2181	4485
2182	4486
2183	4487
2184	4488
2185	4491
2186	4490
2187	4489
2188	4492
2189	4494
2190	4493
2191	4495
2192	4498
2193	4497
2194	4496
2195	4499
2196	4501
2197	4500
2198	4502
2199	4505
2200	4504
2201	4503
2202	4506
2203	4507
2204	4508
2205	4509
2206	4510
2207	4511
2208	4512
2209	4513
2210	4514
2211	4515
2212	4516
2213	4517
2214	4519
2215	4518
2216	4520
2217	4521
2218	4522
2219	4523
2220	4524
2221	4525
2222	4526
2223	4527
2224	4528
2225	4529
2226	4530
2227	4531
2228	4532
2229	4533
2230	4534
2231	4535
2232	4536
2233	4537
2234	4538
2235	4539
2236	4541
2237	4540
2238	4543
2239	4542
2240	4544
2241	4547
2242	4546
2243	4545
2244	4548
2245	4549
2246	4550
2247	4551
2248	4552
2249	4553
2250	4554
2251	4555
2252	4556
2253	4557
2254	4558
2255	4559
2256	4560
2257	4561
2258	4562
2259	4564
2260	4563
2261	4566
2262	4565
2263	4567
2264	4568
2265	4569
2266	4570
2267	4571
2268	4573
2269	4572
2270	4574
2271	4575
2272	4576
2273	4577
2274	4578
2275	4579
2276	4580
2277	4581
2278	4582
2279	4583
2280	4584
2281	4585
2282	4586
2283	4587
2284	4588
2285	4589
2286	4590
2287	4592
2288	4591
2289	4594
2290	4593
2291	4595
2292	4596
2293	4597
2294	4598
2295	4600
2296	4599
2297	4601
2298	4602
2299	4603
2300	4604
2301	4605
2302	4606
2303	4607
2304	4608
2305	4609
2306	4610
2307	4611
2308	4612
2309	4613
2310	4614
2311	4615
2312	4616
2313	4617
2314	4618
2315	4619
2316	4620
2317	4621
2318	4622
2319	4623
2320	4624
2321	4626
2322	4625
2323	4628
2324	4627
2325	4629
2326	4630
2327	4631
2328	4632
2329	4633
2330	4634
2331	4635
2332	4636
2333	4637
2334	4638
2335	4639
2336	4640
2337	4641
2338	4643
2339	4642
2340	4644
2341	4645
2342	4646
2343	4649
2344	4648
2345	4647
2346	4650
2347	4651
2348	4652
2349	4653
2350	4654
2351	4656
2352	4658
2353	4657
2354	4660
2355	4661
2356	4663
2357	4664
2358	4665
2359	4666
2360	4667
2361	4668
2362	4669
2385	4975
2386	4833
2469	7902
2524	7904
2525	7903
2781	7905
2904	7906
2906	7907
3021	7908
3048	7909
3259	7911
3260	7910
3267	7912
3361	7913
3362	7914
3364	7915
3396	7916
3562	7917
3658	7918
3660	7919
3699	7920
3926	7921
4019	7922
4021	7923
4022	7924
4423	7925
4655	7926
4659	7927
4662	7928
4670	5279
4671	4671
4672	4832
4673	4935
4675	5018
4676	5017
4677	5031
4678	11389
4679	4683
4680	4684
4681	11399
4682	5027
4685	4983
4686	11525
4687	4993
4688	5068
4689	5069
4690	5070
4691	5071
4692	5072
4693	5073
4694	5074
4695	5075
4696	5076
4697	5077
4698	5078
4699	5079
4700	5080
4701	5081
4702	5082
4703	5083
4704	5084
4705	5085
4706	5086
4707	5087
4708	5088
4709	5089
4710	5090
4711	5091
4712	5092
4713	5093
4714	5094
4715	5095
4716	5096
4717	5097
4718	5098
4719	5099
4720	5100
4721	5101
4722	5102
4723	5103
4724	5104
4725	5105
4726	5106
4727	5107
4728	5108
4729	5109
4730	5110
4731	5111
4732	5112
4733	5113
4734	5114
4735	5115
4736	5116
4737	5117
4738	5118
4739	5119
4740	5120
4741	5121
4742	5122
4743	5123
4744	5124
4745	5125
4746	5126
4747	5127
4748	5128
4749	5129
4750	5130
4751	5131
4752	5132
4753	5133
4754	5134
4755	5135
4756	5136
4757	5137
4758	5138
4759	5139
4760	5140
4761	5141
4762	5142
4763	5143
4764	5144
4765	5145
4766	5146
4767	5147
4768	5148
4769	5149
4770	5150
4771	5151
4772	5152
4773	5153
4774	5154
4775	5155
4776	5156
4777	5157
4778	5158
4779	5159
4780	5160
4781	5161
4782	5162
4783	5163
4784	5164
4785	5165
4786	5166
4787	5167
4788	5168
4789	5169
4790	5170
4791	5171
4792	5172
4793	5173
4794	5174
4795	5175
4796	5176
4797	5177
4798	5178
4799	5179
4800	5180
4801	5181
4802	5182
4803	5183
4804	5184
4805	5185
4806	5186
4807	5187
4808	5188
4809	5189
4810	5190
4811	5191
4812	5192
4813	5193
4814	5194
4815	5195
4816	5196
4817	5197
4818	5198
4819	5199
4820	5200
4821	5201
4822	5202
4823	5203
4824	5204
4825	5205
4826	5206
4827	5207
4828	5208
4829	5209
4830	5210
4831	5211
4834	5212
4835	5213
4836	5214
4837	5215
4838	5216
4839	5218
4840	5317
4841	5220
4842	5221
4843	5222
4844	5223
4845	5224
4846	5225
4847	5226
4848	5227
4849	5228
4850	5229
4851	5230
4852	5231
4853	5232
4854	5234
4855	5235
4856	5236
4857	5237
4858	5238
4859	5239
4860	5240
4861	5241
4862	5242
4863	5243
4864	5244
4865	5245
4866	5246
4867	5247
4868	5248
4869	5261
4870	5250
4871	5251
4872	5252
4873	5253
4874	5254
4875	5255
4876	5256
4877	5257
4878	5258
4879	5259
4880	5260
4881	5262
4882	5263
4883	5264
4884	5265
4885	5266
4886	5267
4887	5268
4888	5269
4889	5270
4890	5274
4891	5275
4892	5276
4893	5277
4894	5280
4895	5281
4896	5282
4897	5283
4898	5284
4899	5285
4900	5286
4901	5287
4902	5288
4903	5289
4904	5290
4905	5291
4906	5292
4907	5293
4908	5294
4909	5295
4910	5296
4911	5297
4912	5298
4913	5299
4914	5300
4915	5301
4916	5302
4917	5303
4918	5304
4919	5305
4920	5306
4921	5307
4922	5308
4923	5309
4924	5310
4925	5311
4926	5312
4927	5313
4928	5314
4929	5315
4930	5318
4931	5319
4932	5320
4933	5321
4934	5322
4936	5324
4937	5325
4938	5326
4939	5327
4940	5328
4941	5329
4942	5330
4943	5331
4944	5332
4945	5333
4946	5334
4947	5335
4948	5336
4949	5337
4950	5338
4951	5339
4952	5340
4953	5341
4954	5342
4955	5343
4956	5344
4957	5345
4958	5348
4959	5349
4960	5350
4961	5351
4962	5352
4963	5353
4964	5354
4965	4965
4966	5355
4967	5357
4968	5358
4969	4969
4970	4970
4971	5359
4972	5360
4973	5361
4974	5362
4976	4976
4977	5363
4978	5364
4979	5366
4980	5398
4981	5368
4982	5369
4984	4984
4985	4985
4986	5371
4987	5372
4988	5373
4989	5374
4990	4990
4991	4991
4992	5377
4994	11388
4995	4995
4996	5378
4997	5379
4998	5380
4999	5381
5000	5000
5001	5001
5002	5382
5003	5383
5004	5004
5005	5005
5006	5386
5007	5387
5008	5388
5009	5389
5010	5390
5011	5011
5012	5012
5013	5013
5014	5394
5015	5396
5016	5397
5019	5399
5020	5400
5021	5405
5022	5406
5023	5407
5024	5024
5025	5025
5026	5026
5028	5409
5029	5410
5030	11385
5032	5411
5033	11390
5034	5412
5035	5413
5036	5414
5037	5415
5038	5038
5039	5417
5040	5416
5041	5422
5042	5042
5043	5421
5044	5217
5045	5249
5046	5395
5047	5401
5048	5404
5049	5424
5050	5403
5051	5420
5052	5419
5053	5053
5054	5426
5055	5367
5056	5233
5057	5271
5058	5316
5059	5429
5060	5430
5061	5272
5062	5431
5063	5427
5064	5273
5065	5428
5066	5219
5067	5365
5278	5278
5323	5323
5346	5346
5347	5347
5356	5356
5370	5370
5375	5375
5376	5376
5384	5384
5385	5385
5391	5391
5392	5392
5393	5393
5402	5402
5408	5408
5418	5418
5423	5423
5425	5425
5432	9427
5433	5439
5434	5442
5435	9325
5436	5444
5437	8958
5438	8280
5440	8277
5441	8956
5443	8957
5445	8278
5446	5446
5447	9655
5448	6754
5449	9631
5450	7585
5451	9637
5452	7275
5453	9643
5454	7195
5455	9628
5456	7337
5457	9650
5458	7395
5459	7276
5460	9656
5461	7582
5462	7322
5463	6518
5464	6519
5465	6520
5466	6521
5467	6522
5468	6523
5469	6524
5470	6525
5471	6526
5472	6527
5473	6528
5474	6529
5475	6530
5476	6531
5477	6532
5478	6533
5479	6534
5480	6535
5481	6536
5482	6537
5483	6538
5484	6539
5485	6540
5486	6541
5487	6542
5488	6543
5489	6544
5490	6545
5491	6546
5492	6547
5493	6548
5494	6549
5495	6550
5496	6551
5497	6552
5498	6553
5499	6554
5500	6555
5501	6556
5502	6557
5503	6558
5504	6559
5505	6560
5506	6561
5507	6562
5508	6563
5509	6564
5510	6565
5511	6566
5512	6567
5513	6568
5514	6569
5515	6570
5516	6571
5517	6572
5518	6573
5519	6574
5520	6575
5521	6576
5522	6577
5523	6578
5524	6579
5525	6580
5526	6581
5527	6582
5528	6583
5529	6584
5530	6585
5531	6586
5532	6587
5533	6588
5534	6589
5535	6590
5536	6591
5537	6592
5538	6593
5539	6594
5540	6595
5541	6596
5542	6597
5543	6598
5544	6599
5545	6600
5546	6601
5547	6602
5548	6603
5549	6604
5550	6605
5551	6606
5552	6607
5553	6608
5554	6609
5555	6610
5556	6611
5557	6612
5558	6613
5559	6614
5560	6615
5561	6616
5562	6617
5563	6618
5564	6619
5565	6620
5566	6621
5567	6622
5568	6623
5569	6624
5570	6625
5571	6626
5572	6627
5573	6628
5574	6629
5575	6630
5576	6631
5577	6632
5578	6633
5579	6634
5580	6635
5581	6636
5582	6637
5583	6638
5584	6639
5585	6640
5586	6641
5587	6642
5588	6643
5589	6644
5590	6645
5591	6646
5592	6647
5593	6648
5594	6649
5595	6650
5596	6651
5597	6652
5598	6653
5599	6654
5600	6655
5601	6656
5602	6657
5603	6658
5604	6659
5605	6660
5606	6661
5607	6662
5608	6663
5609	6664
5610	6665
5611	6666
5612	6667
5613	6668
5614	6669
5615	6670
5616	6671
5617	6672
5618	6673
5619	6674
5620	6675
5621	6676
5622	6677
5623	6678
5624	6679
5625	6680
5626	6681
5627	6682
5628	6683
5629	6684
5630	6685
5631	6686
5632	6687
5633	6688
5634	6689
5635	6690
5636	6691
5637	6692
5638	6693
5639	6694
5640	6695
5641	6696
5642	6697
5643	6698
5644	6699
5645	6700
5646	6701
5647	6702
5648	6703
5649	6704
5650	6705
5651	6706
5652	6707
5653	6708
5654	6709
5655	6710
5656	6711
5657	6712
5658	6713
5659	6714
5660	6715
5661	6716
5662	6717
5663	6718
5664	6719
5665	6720
5666	6721
5667	6722
5668	6723
5669	6724
5670	6725
5671	6726
5672	6727
5673	6728
5674	6729
5675	6730
5676	6731
5677	6732
5678	6733
5679	6734
5680	6735
5681	6736
5682	6737
5683	6738
5684	6739
5685	6740
5686	6741
5687	6742
5688	6743
5689	6744
5690	6745
5691	6746
5692	6747
5693	6748
5694	6749
5695	6750
5696	6751
5697	6752
5698	6753
5699	6755
5700	6756
5701	6757
5702	6758
5703	6759
5704	6760
5705	6761
5706	6762
5707	6763
5708	6764
5709	6765
5710	6766
5711	6767
5712	6768
5713	6769
5714	6770
5715	6771
5716	6772
5717	6773
5718	6774
5719	6775
5720	6776
5721	6777
5722	6778
5723	6779
5724	6780
5725	6781
5726	6782
5727	6783
5728	6784
5729	6785
5730	6786
5731	6787
5732	6788
5733	6789
5734	6790
5735	6791
5736	6792
5737	6793
5738	6794
5739	6795
5740	6796
5741	6797
5742	6798
5743	6799
5744	6800
5745	6801
5746	6802
5747	6803
5748	6804
5749	6805
5750	6806
5751	6807
5752	6808
5753	6809
5754	6810
5755	6811
5756	6812
5757	6813
5758	6814
5759	6815
5760	6816
5761	6817
5762	6818
5763	6819
5764	6820
5765	6821
5766	6822
5767	6823
5768	6824
5769	6825
5770	6826
5771	6827
5772	6828
5773	6829
5774	6830
5775	6831
5776	6832
5777	6833
5778	6834
5779	6835
5780	6836
5781	6837
5782	6838
5783	6839
5784	6840
5785	6841
5786	6842
5787	6843
5788	6844
5789	6845
5790	6846
5791	6847
5792	6848
5793	6849
5794	6850
5795	6851
5796	6852
5797	6853
5798	6854
5799	6855
5800	6856
5801	6857
5802	6858
5803	6859
5804	6860
5805	6861
5806	6862
5807	6863
5808	6864
5809	6865
5810	6866
5811	6867
5812	6868
5813	6869
5814	6870
5815	6871
5816	6872
5817	6873
5818	6874
5819	6875
5820	6876
5821	6877
5822	6878
5823	6879
5824	6880
5825	6881
5826	6882
5827	6883
5828	6884
5829	6885
5830	6886
5831	6887
5832	6888
5833	6889
5834	6890
5835	6891
5836	6892
5837	6893
5838	6894
5839	6895
5840	6896
5841	6897
5842	6898
5843	6899
5844	6900
5845	6901
5846	6902
5847	6903
5848	6904
5849	6905
5850	6906
5851	6907
5852	6908
5853	6909
5854	6910
5855	6911
5856	6912
5857	6913
5858	6914
5859	6915
5860	6916
5861	6917
5862	6918
5863	6919
5864	6920
5865	6921
5866	6922
5867	6923
5868	6924
5869	6925
5870	6926
5871	6927
5872	6928
5873	6929
5874	6930
5875	6931
5876	6932
5877	6933
5878	6934
5879	6935
5880	6936
5881	6937
5882	6938
5883	6939
5884	6940
5885	6941
5886	6942
5887	6943
5888	6944
5889	6945
5890	6946
5891	6947
5892	6948
5893	6949
5894	6950
5895	6951
5896	6952
5897	6953
5898	6954
5899	6955
5900	6956
5901	6957
5902	6958
5903	6959
5904	6960
5905	6961
5906	6962
5907	6963
5908	6964
5909	6965
5910	6966
5911	6967
5912	6968
5913	6969
5914	6970
5915	6971
5916	6972
5917	6973
5918	6974
5919	6975
5920	6976
5921	6977
5922	6978
5923	6979
5924	6980
5925	6981
5926	6982
5927	6983
5928	6984
5929	6985
5930	6986
5931	6987
5932	6988
5933	6989
5934	6990
5935	6991
5936	6992
5937	6993
5938	6994
5939	6995
5940	6996
5941	6997
5942	6998
5943	6999
5944	7000
5945	7001
5946	7002
5947	7003
5948	7004
5949	7005
5950	7006
5951	7007
5952	7008
5953	7009
5954	7010
5955	7011
5956	7012
5957	7013
5958	7014
5959	7015
5960	7016
5961	7017
5962	7018
5963	7019
5964	7020
5965	7021
5966	7022
5967	7023
5968	7024
5969	7025
5970	7026
5971	7027
5972	7028
5973	7029
5974	7030
5975	7031
5976	7032
5977	7033
5978	7034
5979	7035
5980	7036
5981	7037
5982	7038
5983	7039
5984	7040
5985	7041
5986	7042
5987	7043
5988	7044
5989	7045
5990	7046
5991	7047
5992	7048
5993	7049
5994	7050
5995	7051
5996	7052
5997	7053
5998	7054
5999	7055
6000	7056
6001	7057
6002	7058
6003	7059
6004	7060
6005	7061
6006	7062
6007	7063
6008	7064
6009	7065
6010	7066
6011	7067
6012	7068
6013	7069
6014	7070
6015	7071
6016	7072
6017	7073
6018	7074
6019	7075
6020	7076
6021	7077
6022	7078
6023	7079
6024	7080
6025	7081
6026	7082
6027	7083
6028	7084
6029	7085
6030	7086
6031	7087
6032	7088
6033	7089
6034	7090
6035	7091
6036	7092
6037	7093
6038	7094
6039	7095
6040	7096
6041	7097
6042	7098
6043	7099
6044	7100
6045	7101
6046	7102
6047	7103
6048	7104
6049	7105
6050	7106
6051	7107
6052	7108
6053	7109
6054	7110
6055	7111
6056	7112
6057	7113
6058	7114
6059	7115
6060	7116
6061	7117
6062	7118
6063	7119
6064	7120
6065	7121
6066	7122
6067	7123
6068	7124
6069	7125
6070	7126
6071	7127
6072	7128
6073	7129
6074	7130
6075	7131
6076	7132
6077	7133
6078	7134
6079	7135
6080	7136
6081	7137
6082	7138
6083	7139
6084	7140
6085	7141
6086	7142
6087	7143
6088	7144
6089	7145
6090	7146
6091	7147
6092	7148
6093	7149
6094	7150
6095	7151
6096	7152
6097	7153
6098	7154
6099	7155
6100	7156
6101	7157
6102	7158
6103	7159
6104	7160
6105	7161
6106	7162
6107	7163
6108	7164
6109	7165
6110	7166
6111	7167
6112	7168
6113	7169
6114	7170
6115	7171
6116	7172
6117	7173
6118	7174
6119	7175
6120	7176
6121	7177
6122	7178
6123	7179
6124	7180
6125	7181
6126	7182
6127	7183
6128	7184
6129	7185
6130	7186
6131	7187
6132	7188
6133	7189
6134	7190
6135	7191
6136	7192
6137	7193
6138	7194
6139	7196
6140	7198
6141	7199
6142	7200
6143	7201
6144	7202
6145	7203
6146	7204
6147	7205
6148	7206
6149	7207
6150	7208
6151	7209
6152	7210
6153	7211
6154	7212
6155	7213
6156	7214
6157	7215
6158	7216
6159	7217
6160	7218
6161	7219
6162	7220
6163	7221
6164	7222
6165	7223
6166	7224
6167	7225
6168	7226
6169	7227
6170	7228
6171	7229
6172	7230
6173	7231
6174	7232
6175	7233
6176	7234
6177	7235
6178	7236
6179	7237
6180	7238
6181	7239
6182	7240
6183	7241
6184	7242
6185	7243
6186	7244
6187	7245
6188	7246
6189	7247
6190	7248
6191	7249
6192	7250
6193	7251
6194	7252
6195	7253
6196	7254
6197	7255
6198	7256
6199	7257
6200	7258
6201	7259
6202	7260
6203	7261
6204	7262
6205	7263
6206	7264
6207	7265
6208	7266
6209	7267
6210	7268
6211	7269
6212	7270
6213	7271
6214	7272
6215	7273
6216	7274
6217	7277
6218	7278
6219	7279
6220	7280
6221	7281
6222	7282
6223	7283
6224	7284
6225	7285
6226	7286
6227	7287
6228	7288
6229	7289
6230	7290
6231	7291
6232	7292
6233	7293
6234	7294
6235	7295
6236	7296
6237	7297
6238	7298
6239	7299
6240	7300
6241	7301
6242	7302
6243	7303
6244	7304
6245	7305
6246	7306
6247	7307
6248	7308
6249	7309
6250	7310
6251	7311
6252	7312
6253	7313
6254	7314
6255	7315
6256	7316
6257	7317
6258	7318
6259	7319
6260	7320
6261	7321
6262	7323
6263	7324
6264	7325
6265	7326
6266	7327
6267	7328
6268	7329
6269	7330
6270	7331
6271	7332
6272	7333
6273	7334
6274	7335
6275	7336
6276	7338
6277	7339
6278	7340
6279	7341
6280	7342
6281	7343
6282	7344
6283	7345
6284	7346
6285	7347
6286	7348
6287	7349
6288	7350
6289	7351
6290	7352
6291	7353
6292	7355
6293	7356
6294	7357
6295	7358
6296	7359
6297	7360
6298	7361
6299	7362
6300	7363
6301	7364
6302	7365
6303	7366
6304	7367
6305	7368
6306	7369
6307	7370
6308	7371
6309	7372
6310	7373
6311	7374
6312	7375
6313	7376
6314	7377
6315	7378
6316	7379
6317	7380
6318	7381
6319	7382
6320	7383
6321	7384
6322	7385
6323	7386
6324	7387
6325	7388
6326	7389
6327	7390
6328	7391
6329	7392
6330	7393
6331	7394
6332	7396
6333	7397
6334	7398
6335	7399
6336	7400
6337	7401
6338	7402
6339	7403
6340	7404
6341	7405
6342	7406
6343	7407
6344	7408
6345	7409
6346	7410
6347	7411
6348	7412
6349	7413
6350	7414
6351	7415
6352	7416
6353	7417
6354	7418
6355	7419
6356	7420
6357	7421
6358	7422
6359	7423
6360	7424
6361	7425
6362	7426
6363	7427
6364	7428
6365	7429
6366	7430
6367	7431
6368	7432
6369	7433
6370	7434
6371	7435
6372	7436
6373	7437
6374	7438
6375	7439
6376	7440
6377	7442
6378	7443
6379	7444
6380	7445
6381	7446
6382	7447
6383	7448
6384	7449
6385	7450
6386	7451
6387	7452
6388	7453
6389	7454
6390	7455
6391	7456
6392	7457
6393	7458
6394	7459
6395	7460
6396	7461
6397	7462
6398	7463
6399	7464
6400	7465
6401	7466
6402	7467
6403	7468
6404	7469
6405	7470
6406	7471
6407	7472
6408	7473
6409	7474
6410	7475
6411	7476
6412	7477
6413	7478
6414	7479
6415	7480
6416	7481
6417	7482
6418	7483
6419	7484
6420	7485
6421	7486
6422	7487
6423	7488
6424	7489
6425	7490
6426	7491
6427	7492
6428	7493
6429	7494
6430	7495
6431	7496
6432	7497
6433	7498
6434	7499
6435	7500
6436	7501
6437	7502
6438	7503
6439	7504
6440	7505
6441	7506
6442	7507
6443	7508
6444	7509
6445	7510
6446	7511
6447	7512
6448	7513
6449	7514
6450	7515
6451	7516
6452	7517
6453	7518
6454	7519
6455	7520
6456	7521
6457	7522
6458	7523
6459	7524
6460	7525
6461	7526
6462	7527
6463	7528
6464	7529
6465	7530
6466	7531
6467	7532
6468	7533
6469	7534
6470	7535
6471	7536
6472	7537
6473	7538
6474	7539
6475	7540
6476	7541
6477	7542
6478	7543
6479	7544
6480	7545
6481	7546
6482	7547
6483	7548
6484	7549
6485	7550
6486	7551
6487	7552
6488	7553
6489	7554
6490	7555
6491	7556
6492	7557
6493	7558
6494	7559
6495	7560
6496	7561
6497	7562
6498	7563
6499	7564
6500	7565
6501	7566
6502	7567
6503	7568
6504	7569
6505	7570
6506	7571
6507	7572
6508	7573
6509	7574
6510	7575
6511	7576
6512	7577
6513	7578
6514	7579
6515	7580
6516	7583
6517	7584
7197	8943
7354	8945
7441	8944
7581	8947
7586	7929
7587	7930
7588	7931
7589	7932
7590	7933
7591	7934
7592	7935
7593	7936
7594	7937
7595	7938
7596	7939
7597	7940
7598	7941
7599	7942
7600	7943
7601	7944
7602	7945
7603	7946
7604	7947
7605	7948
7606	7949
7607	7950
7608	7951
7609	7952
7610	7953
7611	8276
7612	7954
7613	7955
7614	7958
7615	7959
7616	7962
7617	7963
7618	7964
7619	7965
7620	7966
7621	7967
7622	7968
7623	7969
7624	7970
7625	7971
7626	7972
7627	7973
7628	7974
7629	7975
7630	7976
7631	7977
7632	7978
7633	7979
7634	7980
7635	7982
7636	7983
7637	7985
7638	7986
7639	8089
7640	7987
7641	7988
7642	7989
7643	7990
7644	7993
7645	7994
7646	7995
7647	7996
7648	7997
7649	7998
7650	7999
7651	8000
7652	8001
7653	8002
7654	8003
7655	8004
7656	8005
7657	8006
7658	8007
7659	8008
7660	8009
7661	8010
7662	8011
7663	8012
7664	8013
7665	8014
7666	8015
7667	8016
7668	8019
7669	8020
7670	8021
7671	8022
7672	8023
7673	8024
7674	8025
7675	8026
7676	8027
7677	8028
7678	8029
7679	8030
7680	8031
7681	8032
7682	8033
7683	8034
7684	8035
7685	8036
7686	8037
7687	8038
7688	8042
7689	8045
7690	8046
7691	8048
7692	8049
7693	8050
7694	8052
7695	8053
7696	8054
7697	8055
7698	8057
7699	8058
7700	8059
7701	8060
7702	8061
7703	8062
7704	8063
7705	8064
7706	8065
7707	8066
7708	8067
7709	8068
7710	8069
7711	8070
7712	8071
7713	8041
7714	8072
7715	8073
7716	8074
7717	8075
7718	8076
7719	8077
7720	8078
7721	8079
7722	8081
7723	8082
7724	8083
7725	8084
7726	8085
7727	8086
7728	8087
7729	8090
7730	8091
7731	8092
7732	8093
7733	8094
7734	8095
7735	8096
7736	8097
7737	8098
7738	8099
7739	8100
7740	8101
7741	8102
7742	8103
7743	8104
7744	8105
7745	8106
7746	8107
7747	8108
7748	8109
7749	8110
7750	8111
7751	8112
7752	8113
7753	8114
7754	8115
7755	8116
7756	8117
7757	8118
7758	8119
7759	8120
7760	8121
7761	8122
7762	8123
7763	8124
7764	8125
7765	8126
7766	8127
7767	8128
7768	8043
7769	8130
7770	8131
7771	8132
7772	8133
7773	8134
7774	8135
7775	8136
7776	8137
7777	8138
7778	8139
7779	8140
7780	8141
7781	8142
7782	8145
7783	8146
7784	8147
7785	8148
7786	8149
7787	8150
7788	8151
7789	8152
7790	8153
7791	8154
7792	8155
7793	8156
7794	8158
7795	8159
7796	8080
7797	8160
7798	8161
7799	8164
7800	8174
7801	8193
7802	8165
7803	8166
7804	8167
7805	8168
7806	8144
7807	8169
7808	8170
7809	8171
7810	8172
7811	8173
7812	8175
7813	7957
7814	7956
7815	8176
7816	8047
7817	8177
7818	8178
7819	8044
7820	8179
7821	8180
7822	8181
7823	8183
7824	8184
7825	8185
7826	8186
7827	8187
7828	8188
7829	8190
7830	8191
7831	8192
7832	8195
7833	8196
7834	8197
7835	8198
7836	8199
7837	8200
7838	8194
7839	8088
7840	8201
7841	8202
7842	8203
7843	8204
7844	8163
7845	8162
7846	8129
7847	8209
7848	8210
7849	8211
7850	8212
7851	8213
7852	8214
7853	8217
7854	8218
7855	8220
7856	8221
7857	8222
7858	8223
7859	8039
7860	8189
7861	8225
7862	8226
7863	8227
7864	8228
7865	8229
7866	8230
7867	8231
7868	8232
7869	8233
7870	8236
7871	8237
7872	8238
7873	8239
7874	8240
7875	8241
7876	8244
7877	8245
7878	8246
7879	8234
7880	8247
7881	8248
7882	7961
7883	8249
7884	8250
7885	8251
7886	8254
7887	8206
7888	8256
7889	8257
7890	8143
7891	8205
7892	8208
7893	8182
7894	8207
7895	8255
7896	7984
7897	7981
7898	7960
7899	8219
7900	8235
7901	8040
7991	7991
7992	7992
8017	8017
8018	8018
8051	8051
8056	8056
8157	8157
8215	8215
8216	8216
8224	8224
8242	8242
8243	8243
8252	8252
8253	8253
8258	8258
8259	8259
8260	8260
8261	8261
8262	8262
8263	8263
8264	8264
8265	8265
8266	8266
8267	8267
8268	8268
8269	8269
8270	8270
8271	8271
8272	8272
8273	8273
8274	8274
8275	8275
8279	8279
8281	9014
8282	9027
8283	9148
8284	9025
8285	9166
8286	9224
8287	9285
8288	9408
8289	9446
8290	9455
8291	9479
8292	9526
8293	9406
8294	9447
8295	9557
8296	9452
8297	9560
8298	9346
8299	9587
8300	9163
8301	9235
8302	9484
8303	9067
8304	9011
8305	9588
8306	8972
8307	8974
8308	9096
8309	9110
8310	9115
8311	9113
8312	9201
8313	9338
8314	9236
8315	9237
8316	9250
8317	9252
8318	9267
8319	9289
8320	9612
8321	9296
8322	9327
8323	9335
8324	9340
8325	9353
8326	9409
8327	9439
8328	9265
8329	9543
8330	9545
8331	9551
8332	9223
8333	9561
8334	9580
8335	9581
8336	9553
8337	9559
8338	9599
8339	8975
8340	9598
8341	9483
8342	9013
8343	8970
8344	9556
8345	9488
8346	9502
8347	9290
8348	9625
8349	9050
8350	9199
8351	9456
8352	9610
8353	9549
8354	9248
8355	9251
8356	9438
8357	9048
8358	9432
8359	9431
8360	9097
8361	9541
8362	9624
8363	9611
8364	9312
8365	9387
8366	9534
8367	8971
8368	8973
8369	8976
8370	8977
8371	8978
8372	8979
8373	8980
8374	8981
8375	8982
8376	8983
8377	8984
8378	8985
8379	8986
8380	8987
8381	8988
8382	8989
8383	8990
8384	8991
8385	8992
8386	8993
8387	8994
8388	8995
8389	8996
8390	8997
8391	8998
8392	8999
8393	9000
8394	9001
8395	9002
8396	9003
8397	9004
8398	9005
8399	9006
8400	9007
8401	9008
8402	9009
8403	9010
8404	9012
8405	9015
8406	9016
8407	9017
8408	9018
8409	9019
8410	9020
8411	9021
8412	9022
8413	9023
8414	9024
8415	9026
8416	9028
8417	9029
8418	9030
8419	9031
8420	9032
8421	9033
8422	9034
8423	9035
8424	9036
8425	9037
8426	9295
8427	9039
8428	9040
8429	9041
8430	9042
8431	9043
8432	9044
8433	9045
8434	9046
8435	9047
8436	9049
8437	9051
8438	9052
8439	9053
8440	9054
8441	9055
8442	9056
8443	9057
8444	9058
8445	9059
8446	9060
8447	9061
8448	9062
8449	9063
8450	9064
8451	9065
8452	9066
8453	9068
8454	9071
8455	9072
8456	9073
8457	9074
8458	9075
8459	9076
8460	9077
8461	9078
8462	9079
8463	9080
8464	9081
8465	9082
8466	9083
8467	9084
8468	9085
8469	9086
8470	9087
8471	9088
8472	9089
8473	9090
8474	9091
8475	9092
8476	9093
8477	9094
8478	9095
8479	9098
8480	9099
8481	9100
8482	9101
8483	9102
8484	9103
8485	9104
8486	9105
8487	9106
8488	9107
8489	9108
8490	9109
8491	9457
8492	9112
8493	9114
8494	9116
8495	9117
8496	9118
8497	9119
8498	9120
8499	9121
8500	9122
8501	9123
8502	9124
8503	9125
8504	9126
8505	9127
8506	9128
8507	9129
8508	9130
8509	9131
8510	9132
8511	9133
8512	9134
8513	9135
8514	9136
8515	9137
8516	9138
8517	9139
8518	9140
8519	9142
8520	9143
8521	9144
8522	9145
8523	9146
8524	9147
8525	9149
8526	9150
8527	9151
8528	9152
8529	9153
8530	9154
8531	9155
8532	9156
8533	9157
8534	9158
8535	9159
8536	9160
8537	9161
8538	9162
8539	9164
8540	9165
8541	9167
8542	9168
8543	9169
8544	9170
8545	9171
8546	9172
8547	9173
8548	9174
8549	9175
8550	9176
8551	9177
8552	9178
8553	9179
8554	9180
8555	9181
8556	9182
8557	9183
8558	9184
8559	9185
8560	9186
8561	9187
8562	9188
8563	9189
8564	9190
8565	9191
8566	9192
8567	9193
8568	9194
8569	9195
8570	9196
8571	9197
8572	9198
8573	9200
8574	9202
8575	9203
8576	9204
8577	9615
8578	9205
8579	9206
8580	9207
8581	9208
8582	9209
8583	9210
8584	9211
8585	9212
8586	9213
8587	9214
8588	9215
8589	9216
8590	9217
8591	9218
8592	9219
8593	9220
8594	9221
8595	9222
8596	9225
8597	9226
8598	9227
8599	9228
8600	9229
8601	9230
8602	9231
8603	9661
8604	9440
8605	9339
8606	9232
8607	9233
8608	9234
8609	9238
8610	9239
8611	9240
8612	9241
8613	9242
8614	9243
8615	9244
8616	9245
8617	9246
8618	9247
8619	9249
8620	9253
8621	9254
8622	9255
8623	9256
8624	9257
8625	9258
8626	9259
8627	9260
8628	9261
8629	9262
8630	9263
8631	9264
8632	9266
8633	9268
8634	9269
8635	9270
8636	9271
8637	9272
8638	9273
8639	9274
8640	9275
8641	9276
8642	9277
8643	9278
8644	9279
8645	9280
8646	9281
8647	9282
8648	9283
8649	9284
8650	9286
8651	9287
8652	9288
8653	9291
8654	9292
8655	9293
8656	9294
8657	9297
8658	9298
8659	9299
8660	9300
8661	9301
8662	9302
8663	9303
8664	9306
8665	9307
8666	9308
8667	9309
8668	9313
8669	9314
8670	9315
8671	9316
8672	9317
8673	9318
8674	9319
8675	9320
8676	9321
8677	9322
8678	9323
8679	9324
8680	9326
8681	9328
8682	9329
8683	9330
8684	9331
8685	9332
8686	9333
8687	9334
8688	9336
8689	9337
8690	9341
8691	9342
8692	9343
8693	9344
8694	9345
8695	9347
8696	9348
8697	9349
8698	9350
8699	9351
8700	9352
8701	9354
8702	9355
8703	9356
8704	9357
8705	9358
8706	9359
8707	9360
8708	9361
8709	9362
8710	9363
8711	9364
8712	9365
8713	9366
8714	9367
8715	9368
8716	9369
8717	9370
8718	9371
8719	9372
8720	9373
8721	9374
8722	9375
8723	9376
8724	9377
8725	9378
8726	9379
8727	9380
8728	9381
8729	9382
8730	9383
8731	9384
8732	9385
8733	9388
8734	9389
8735	9390
8736	9391
8737	9392
8738	9393
8739	9394
8740	9396
8741	9398
8742	9399
8743	9400
8744	9401
8745	9402
8746	9403
8747	9404
8748	9405
8749	9407
8750	9410
8751	9411
8752	9412
8753	9413
8754	9414
8755	9415
8756	9416
8757	9417
8758	9420
8759	9421
8760	9422
8761	9423
8762	9424
8763	9425
8764	9428
8765	9429
8766	9430
8767	9433
8768	9434
8769	9435
8770	9437
8771	9441
8772	9442
8773	9443
8774	9444
8775	9445
8776	9448
8777	9449
8778	9450
8779	9451
8780	9453
8781	9454
8782	9458
8783	9459
8784	9460
8785	9461
8786	9462
8787	9464
8788	9465
8789	9466
8790	9467
8791	9468
8792	9469
8793	9470
8794	9471
8795	9472
8796	9473
8797	9474
8798	9475
8799	9476
8800	9477
8801	9478
8802	9480
8803	9481
8804	9482
8805	9485
8806	9486
8807	9487
8808	9489
8809	9490
8810	9491
8811	9492
8812	9493
8813	9494
8814	9495
8815	9496
8816	9497
8817	9498
8818	9499
8819	9500
8820	9501
8821	9503
8822	9504
8823	9505
8824	9506
8825	9507
8826	9508
8827	9509
8828	9510
8829	9511
8830	9512
8831	9513
8832	9514
8833	9515
8834	9516
8835	9517
8836	9518
8837	9519
8838	9520
8839	9521
8840	9522
8841	9523
8842	9524
8843	9525
8844	9311
8845	9527
8846	9528
8847	9529
8848	9530
8849	9531
8850	9532
8851	9533
8852	9535
8853	9536
8854	9537
8855	9538
8856	9539
8857	9540
8858	9542
8859	9546
8860	9547
8861	9548
8862	9550
8863	9552
8864	9554
8865	9555
8866	9558
8867	9562
8868	9563
8869	9566
8870	9567
8871	9568
8872	9570
8873	9571
8874	9572
8875	9573
8876	9574
8877	9575
8878	9576
8879	9577
8880	9578
8881	9579
8882	9582
8883	9583
8884	9584
8885	9585
8886	8886
8887	9141
8888	9589
8889	8889
8890	8890
8891	9595
8892	8892
8893	8893
8894	8894
8895	9600
8896	9601
8897	9602
8898	9603
8899	9604
8900	9605
8901	9606
8902	9607
8903	9395
8904	9608
8905	9386
8906	9609
8907	9310
8908	9613
8909	9614
8910	9616
8911	9617
8912	9618
8913	9619
8914	9620
8915	9621
8916	9622
8917	9623
8918	9626
8919	9627
8920	9629
8921	9630
8922	9633
8923	9634
8924	9635
8925	9636
8926	9638
8927	9639
8928	9640
8929	9641
8930	9642
8931	9645
8932	9647
8933	9648
8934	9649
8935	9651
8936	9652
8937	9653
8938	9654
8939	9659
8940	9660
8941	9646
8942	9632
8946	9644
8948	9304
8949	9305
8950	9564
8951	9565
8952	9418
8953	9419
8954	9069
8955	9436
8959	9426
8960	9070
8961	9593
8962	9657
8963	9544
8964	9658
8965	9569
8966	9111
8967	9038
8968	9463
8969	9397
9586	9586
9590	9590
9591	9591
9592	9592
9594	9594
9596	9596
9597	9597
9662	9662
9663	11586
9664	11587
9665	13107
9666	11520
9667	11547
9668	13071
9669	13076
9670	11548
9671	11560
9672	11568
9673	11494
9674	11589
9675	11576
9676	11577
9677	11580
9678	11581
9679	11592
9680	11593
9681	11595
9682	11594
9683	11596
9684	11599
9685	11598
9686	11597
9687	11601
9688	11600
9689	11602
9690	11603
9691	11604
9692	11605
9693	11608
9694	11607
9695	11606
9696	11610
9697	11609
9698	11611
9699	11612
9700	11613
9701	11615
9702	11614
9703	11617
9704	11616
9705	11618
9706	11619
9707	11620
9708	11622
9709	11621
9710	11623
9711	11626
9712	11625
9713	11624
9714	11628
9715	11627
9716	11629
9717	11630
9718	11631
9719	11632
9720	11633
9721	11634
9722	11636
9723	11635
9724	11638
9725	11637
9726	11640
9727	11639
9728	11641
9729	11643
9730	11642
9731	11644
9732	11645
9733	11646
9734	11648
9735	11647
9736	11650
9737	11649
9738	11651
9739	11652
9740	11653
9741	11654
9742	11655
9743	11656
9744	11657
9745	11658
9746	11660
9747	11659
9748	11661
9749	11663
9750	11662
9751	11664
9752	11665
9753	11666
9754	11667
9755	11668
9756	11670
9757	11669
9758	11671
9759	11673
9760	11672
9761	11675
9762	11674
9763	11676
9764	11677
9765	11678
9766	11680
9767	11679
9768	11682
9769	11681
9770	11683
9771	11685
9772	11684
9773	11686
9774	11688
9775	11687
9776	11689
9777	11692
9778	11691
9779	11690
9780	11693
9781	11695
9782	11694
9783	11697
9784	11696
9785	11699
9786	11698
9787	11701
9788	11700
9789	11702
9790	11703
9791	11705
9792	11704
9793	11706
9794	11708
9795	11707
9796	11709
9797	11710
9798	11711
9799	11712
9800	11713
9801	11714
9802	11715
9803	11717
9804	11716
9805	11718
9806	11720
9807	11719
9808	11721
9809	11722
9810	11723
9811	11725
9812	11724
9813	11726
9814	11727
9815	11729
9816	11728
9817	11730
9818	11732
9819	11731
9820	11734
9821	11733
9822	11735
9823	11737
9824	11736
9825	11738
9826	11740
9827	11739
9828	11742
9829	11741
9830	11744
9831	11743
9832	11745
9833	11746
9834	11747
9835	11748
9836	11750
9837	11749
9838	11753
9839	11752
9840	11751
9841	11754
9842	11755
9843	11756
9844	11757
9845	11759
9846	11758
9847	11760
9848	11761
9849	11762
9850	11765
9851	11764
9852	11763
9853	11767
9854	11766
9855	11769
9856	11768
9857	11770
9858	11771
9859	11772
9860	11773
9861	11775
9862	11774
9863	11776
9864	11777
9865	11779
9866	11778
9867	11781
9868	11780
9869	11782
9870	11783
9871	11785
9872	11784
9873	11787
9874	11786
9875	11788
9876	11789
9877	11790
9878	11792
9879	11791
9880	11793
9881	11794
9882	11796
9883	11795
9884	11797
9885	11798
9886	11799
9887	11800
9888	11801
9889	11803
9890	11802
9891	11806
9892	11805
9893	11804
9894	11808
9895	11807
9896	11809
9897	11810
9898	11811
9899	11814
9900	11813
9901	11812
9902	11815
9903	11818
9904	11817
9905	11816
9906	11820
9907	11819
9908	11821
9909	11822
9910	11823
9911	11824
9912	11825
9913	11828
9914	11827
9915	11826
9916	11829
9917	11830
9918	11831
9919	11833
9920	11832
9921	11834
9922	11836
9923	11835
9924	11838
9925	11837
9926	11839
9927	11840
9928	11841
9929	11842
9930	11844
9931	11843
9932	11845
9933	11847
9934	11846
9935	11848
9936	11850
9937	11849
9938	11852
9939	11851
9940	11853
9941	11854
9942	11856
9943	11855
9944	11858
9945	11857
9946	11859
9947	11861
9948	11860
9949	11862
9950	11865
9951	11864
9952	11863
9953	11866
9954	11869
9955	11868
9956	11867
9957	11870
9958	11873
9959	11872
9960	11871
9961	11875
9962	11874
9963	11876
9964	11877
9965	11879
9966	11878
9967	11880
9968	11883
9969	11882
9970	11881
9971	11885
9972	11884
9973	11887
9974	11886
9975	11888
9976	11891
9977	11890
9978	11889
9979	11894
9980	11893
9981	11892
9982	11897
9983	11896
9984	11895
9985	11899
9986	11898
9987	11900
9988	11901
9989	11902
9990	11904
9991	11903
9992	11905
9993	11906
9994	11907
9995	11908
9996	11910
9997	11909
9998	11911
9999	11912
10000	11914
10001	11913
10002	11915
10003	11916
10004	11917
10005	11920
10006	11919
10007	11918
10008	11921
10009	11922
10010	11923
10011	11925
10012	11924
10013	11926
10014	11927
10015	11929
10016	11928
10017	11931
10018	11930
10019	11933
10020	11932
10021	11935
10022	11934
10023	11936
10024	11937
10025	11938
10026	11939
10027	11940
10028	11941
10029	11942
10030	11943
10031	11944
10032	11945
10033	11946
10034	11947
10035	11949
10036	11948
10037	11950
10038	11951
10039	11953
10040	11952
10041	11954
10042	11956
10043	11955
10044	11957
10045	11958
10046	11960
10047	11959
10048	11961
10049	11962
10050	11964
10051	11963
10052	11965
10053	11966
10054	11967
10055	11968
10056	11969
10057	11970
10058	11971
10059	11972
10060	11973
10061	11974
10062	11975
10063	11977
10064	11976
10065	11978
10066	11979
10067	11980
10068	11981
10069	11982
10070	11983
10071	11985
10072	11984
10073	11987
10074	11986
10075	11988
10076	11989
10077	11991
10078	11990
10079	11993
10080	11992
10081	11995
10082	11994
10083	11996
10084	11997
10085	11998
10086	11999
10087	12000
10088	12001
10089	12002
10090	12003
10091	12004
10092	12005
10093	12006
10094	12007
10095	12008
10096	12009
10097	12011
10098	12010
10099	12012
10100	12013
10101	12015
10102	12014
10103	12017
10104	12016
10105	12018
10106	12019
10107	12021
10108	12020
10109	12022
10110	12024
10111	12023
10112	12026
10113	12025
10114	12027
10115	12028
10116	12029
10117	12030
10118	12031
10119	12033
10120	12032
10121	12034
10122	12035
10123	12036
10124	12038
10125	12037
10126	12039
10127	12040
10128	12041
10129	12042
10130	12043
10131	12045
10132	12044
10133	12047
10134	12046
10135	12048
10136	12050
10137	12049
10138	12051
10139	12052
10140	12053
10141	12055
10142	12054
10143	12057
10144	12056
10145	12058
10146	12059
10147	12061
10148	12060
10149	12062
10150	12063
10151	12064
10152	12066
10153	12065
10154	12068
10155	12067
10156	12069
10157	12070
10158	12072
10159	12071
10160	12073
10161	12074
10162	12075
10163	12079
10164	12085
10165	12086
10166	12090
10167	12089
10168	13064
10169	13068
10170	13067
10171	12100
10172	12101
10173	12102
10174	12103
10175	12104
10176	12105
10177	12108
10178	12107
10179	12106
10180	12109
10181	12112
10182	12111
10183	12110
10184	12113
10185	12114
10186	12115
10187	12118
10188	12117
10189	12116
10190	12119
10191	12122
10192	12121
10193	12120
10194	12124
10195	12123
10196	12125
10197	12126
10198	12127
10199	12128
10200	12131
10201	12130
10202	12129
10203	12132
10204	12134
10205	12133
10206	12136
10207	12135
10208	12137
10209	12140
10210	12139
10211	12138
10212	12141
10213	12142
10214	12144
10215	12143
10216	12145
10217	12146
10218	12148
10219	12147
10220	12149
10221	12150
10222	12151
10223	12152
10224	12153
10225	12154
10226	12155
10227	12157
10228	12156
10229	12158
10230	12159
10231	12160
10232	12162
10233	12161
10234	12163
10235	12164
10236	12165
10237	12166
10238	12168
10239	12167
10240	12169
10241	12171
10242	12170
10243	12173
10244	12172
10245	12174
10246	12175
10247	12176
10248	12179
10249	12178
10250	12177
10251	12180
10252	12183
10253	12182
10254	12181
10255	12184
10256	12187
10257	12186
10258	12185
10259	12189
10260	12188
10261	12190
10262	12192
10263	12191
10264	12193
10265	12196
10266	12195
10267	12194
10268	12198
10269	12197
10270	12200
10271	12199
10272	12202
10273	12201
10274	12205
10275	12204
10276	12203
10277	12206
10278	12207
10279	12208
10280	12209
10281	12210
10282	12212
10283	12211
10284	12213
10285	12216
10286	12215
10287	12214
10288	12218
10289	12217
10290	12220
10291	12219
10292	12221
10293	12222
10294	12223
10295	12224
10296	12225
10297	12226
10298	12227
10299	12228
10300	12229
10301	12230
10302	12231
10303	12232
10304	12233
10305	12234
10306	12236
10307	12235
10308	12237
10309	12240
10310	12239
10311	12238
10312	12242
10313	12241
10314	12243
10315	12244
10316	12245
10317	12246
10318	12249
10319	12248
10320	12247
10321	12251
10322	12250
10323	12252
10324	12253
10325	12254
10326	12256
10327	12255
10328	12258
10329	12257
10330	12259
10331	12260
10332	12261
10333	12263
10334	12262
10335	12264
10336	12267
10337	12266
10338	12265
10339	12269
10340	12268
10341	12270
10342	12271
10343	12272
10344	12273
10345	12274
10346	12275
10347	12277
10348	12276
10349	12279
10350	12278
10351	12281
10352	12280
10353	12282
10354	12284
10355	12283
10356	12285
10357	12286
10358	12287
10359	12289
10360	12288
10361	12291
10362	12290
10363	12292
10364	12293
10365	12294
10366	12295
10367	12296
10368	12297
10369	12298
10370	12299
10371	12301
10372	12300
10373	12302
10374	12304
10375	12303
10376	12305
10377	12306
10378	12307
10379	12308
10380	12309
10381	12311
10382	12310
10383	12313
10384	12312
10385	12315
10386	12314
10387	12316
10388	12317
10389	12319
10390	12318
10391	12321
10392	12320
10393	12323
10394	12322
10395	12324
10396	12326
10397	12325
10398	12327
10399	12330
10400	12329
10401	12328
10402	12331
10403	12333
10404	12332
10405	12335
10406	12334
10407	12337
10408	12336
10409	12339
10410	12338
10411	12340
10412	12341
10413	12344
10414	12343
10415	12342
10416	12346
10417	12345
10418	12347
10419	12348
10420	12349
10421	12350
10422	12351
10423	12352
10424	12354
10425	12353
10426	12355
10427	12357
10428	12356
10429	12358
10430	12359
10431	12361
10432	12360
10433	12362
10434	12363
10435	12365
10436	12364
10437	12366
10438	12367
10439	12368
10440	12370
10441	12369
10442	12372
10443	12371
10444	12374
10445	12373
10446	12376
10447	12375
10448	12377
10449	12378
10450	12380
10451	12379
10452	12382
10453	12381
10454	12383
10455	12385
10456	12384
10457	12388
10458	12387
10459	12386
10460	12389
10461	12390
10462	12391
10463	12394
10464	12393
10465	12392
10466	12395
10467	12396
10468	12398
10469	12397
10470	12399
10471	12401
10472	12400
10473	12403
10474	12402
10475	12405
10476	12404
10477	12406
10478	12407
10479	12408
10480	12409
10481	12411
10482	12410
10483	12412
10484	12413
10485	12415
10486	12414
10487	12417
10488	12416
10489	12418
10490	12419
10491	12421
10492	12420
10493	12422
10494	12423
10495	12424
10496	12426
10497	12425
10498	12427
10499	12428
10500	12429
10501	12430
10502	12431
10503	12432
10504	12433
10505	12434
10506	12435
10507	12436
10508	12437
10509	12439
10510	12438
10511	12441
10512	12440
10513	12442
10514	12443
10515	12444
10516	12445
10517	12447
10518	12446
10519	12448
10520	12451
10521	12450
10522	12449
10523	12452
10524	12455
10525	12454
10526	12453
10527	12457
10528	12456
10529	12458
10530	12460
10531	12459
10532	12461
10533	12464
10534	12463
10535	12462
10536	12466
10537	12465
10538	12468
10539	12467
10540	12470
10541	12469
10542	12473
10543	12472
10544	12471
10545	12474
10546	12475
10547	12476
10548	12477
10549	12478
10550	12480
10551	12479
10552	12481
10553	12484
10554	12483
10555	12482
10556	12486
10557	12485
10558	12488
10559	12487
10560	12489
10561	12490
10562	12491
10563	12492
10564	12493
10565	12494
10566	12495
10567	12496
10568	12497
10569	12498
10570	12499
10571	12500
10572	12501
10573	12502
10574	12503
10575	12504
10576	12505
10577	12506
10578	12507
10579	12508
10580	12510
10581	12509
10582	12511
10583	12514
10584	12513
10585	12512
10586	12516
10587	12515
10588	12517
10589	12518
10590	12519
10591	12520
10592	12523
10593	12522
10594	12521
10595	12525
10596	12524
10597	12526
10598	12527
10599	12528
10600	12530
10601	12529
10602	12532
10603	12531
10604	12533
10605	12534
10606	12535
10607	12537
10608	12536
10609	12538
10610	12541
10611	12540
10612	12539
10613	12543
10614	12542
10615	12544
10616	12545
10617	12546
10618	12547
10619	12548
10620	12549
10621	12551
10622	12550
10623	12553
10624	12552
10625	12555
10626	12554
10627	12556
10628	12558
10629	12557
10630	12559
10631	12560
10632	12561
10633	12563
10634	12562
10635	12565
10636	12564
10637	12566
10638	12567
10639	12568
10640	12569
10641	12570
10642	12571
10643	12572
10644	12573
10645	12575
10646	12574
10647	12576
10648	12577
10649	12578
10650	12579
10651	12580
10652	12581
10653	12582
10654	12584
10655	12583
10656	12586
10657	12585
10658	12587
10659	12588
10660	12589
10661	12591
10662	12590
10663	12592
10664	12594
10665	12593
10666	12595
10667	12597
10668	12596
10669	12598
10670	12601
10671	12600
10672	12599
10673	12602
10674	12604
10675	12603
10676	12606
10677	12605
10678	12608
10679	12607
10680	12609
10681	12610
10682	12612
10683	12611
10684	12613
10685	12615
10686	12614
10687	12616
10688	12617
10689	12618
10690	12619
10691	12620
10692	12622
10693	12621
10694	12623
10695	12625
10696	12624
10697	12626
10698	12627
10699	12628
10700	12629
10701	12630
10702	12632
10703	12631
10704	12633
10705	12635
10706	12634
10707	12637
10708	12636
10709	12639
10710	12638
10711	12641
10712	12640
10713	12642
10714	12643
10715	12645
10716	12644
10717	12646
10718	12647
10719	12648
10720	12650
10721	12649
10722	12653
10723	12652
10724	12651
10725	12654
10726	12655
10727	12657
10728	12656
10729	12658
10730	12661
10731	12660
10732	12659
10733	12663
10734	12662
10735	12665
10736	12664
10737	12666
10738	12668
10739	12667
10740	12669
10741	12670
10742	12672
10743	12671
10744	12674
10745	12673
10746	12676
10747	12675
10748	12677
10749	12678
10750	12679
10751	12681
10752	12680
10753	12682
10754	12684
10755	12683
10756	12685
10757	12686
10758	12687
10759	12688
10760	12689
10761	12690
10762	12691
10763	12693
10764	12692
10765	12695
10766	12694
10767	12696
10768	12697
10769	12698
10770	12699
10771	12702
10772	12701
10773	12700
10774	12703
10775	12706
10776	12705
10777	12704
10778	12707
10779	12710
10780	12709
10781	12708
10782	12712
10783	12711
10784	12713
10785	12715
10786	12714
10787	12716
10788	12719
10789	12718
10790	12717
10791	12721
10792	12720
10793	12723
10794	12722
10795	12725
10796	12724
10797	12728
10798	12727
10799	12726
10800	12729
10801	12730
10802	12731
10803	12732
10804	12733
10805	12735
10806	12734
10807	12736
10808	12739
10809	12738
10810	12737
10811	12741
10812	12740
10813	12743
10814	12742
10815	12744
10816	12745
10817	12746
10818	12747
10819	12748
10820	12749
10821	12750
10822	12751
10823	12752
10824	12753
10825	12754
10826	12755
10827	12756
10828	12757
10829	12758
10830	12759
10831	12760
10832	12761
10833	12762
10834	12763
10835	12764
10836	12765
10837	12767
10838	12766
10839	12768
10840	12771
10841	12770
10842	12769
10843	12773
10844	12772
10845	12774
10846	12775
10847	12776
10848	12777
10849	12780
10850	12779
10851	12778
10852	12782
10853	12781
10854	12783
10855	12784
10856	12785
10857	12787
10858	12786
10859	12789
10860	12788
10861	12790
10862	12791
10863	12792
10864	12794
10865	12793
10866	12795
10867	12798
10868	12797
10869	12796
10870	12800
10871	12799
10872	12801
10873	12802
10874	12803
10875	12804
10876	12805
10877	12806
10878	12808
10879	12807
10880	12810
10881	12809
10882	12812
10883	12811
10884	12813
10885	12815
10886	12814
10887	12816
10888	12817
10889	12818
10890	12820
10891	12819
10892	12822
10893	12821
10894	12823
10895	12824
10896	12825
10897	12826
10898	12827
10899	12828
10900	12829
10901	12830
10902	12832
10903	12831
10904	12833
10905	12835
10906	12834
10907	12836
10908	12837
10909	12838
10910	12840
10911	12839
10912	12842
10913	12841
10914	12844
10915	12843
10916	12845
10917	12846
10918	12847
10919	12849
10920	12848
10921	12851
10922	12850
10923	12853
10924	12852
10925	12854
10926	12856
10927	12855
10928	12857
10929	12860
10930	12859
10931	12858
10932	12862
10933	12861
10934	12864
10935	12863
10936	12866
10937	12865
10938	12868
10939	12867
10940	12869
10941	12871
10942	12870
10943	12872
10944	12874
10945	12873
10946	12875
10947	12876
10948	12877
10949	12878
10950	12880
10951	12879
10952	12882
10953	12881
10954	12883
10955	12884
10956	12885
10957	12886
10958	12888
10959	12887
10960	12889
10961	12890
10962	12892
10963	12891
10964	12894
10965	12893
10966	12896
10967	12895
10968	12897
10969	12899
10970	12898
10971	12901
10972	12900
10973	12903
10974	12902
10975	12904
10976	12905
10977	12906
10978	12908
10979	12907
10980	12910
10981	12909
10982	12912
10983	12911
10984	12914
10985	12913
10986	12915
10987	12918
10988	12917
10989	12916
10990	12920
10991	12919
10992	12921
10993	12922
10994	12923
10995	12925
10996	12924
10997	12927
10998	12926
10999	12929
11000	12928
11001	12931
11002	12930
11003	12932
11004	12933
11005	12935
11006	12934
11007	12937
11008	12936
11009	12939
11010	12938
11011	12940
11012	12941
11013	12942
11014	12943
11015	12945
11016	12944
11017	12946
11018	12949
11019	12948
11020	12947
11021	12950
11022	12953
11023	12952
11024	12951
11025	12955
11026	12954
11027	12956
11028	12958
11029	12957
11030	12959
11031	12962
11032	12961
11033	12960
11034	12964
11035	12963
11036	12966
11037	12965
11038	12968
11039	12967
11040	12971
11041	12970
11042	12969
11043	12972
11044	12973
11045	12974
11046	12975
11047	12976
11048	12978
11049	12977
11050	12979
11051	12982
11052	12981
11053	12980
11054	12984
11055	12983
11056	12986
11057	12985
11058	12987
11059	12988
11060	12989
11061	12990
11062	12991
11063	12992
11064	12993
11065	12994
11066	12995
11067	12996
11068	12997
11069	12998
11070	12999
11071	13000
11072	13001
11073	13002
11074	13003
11075	13004
11076	13006
11077	13005
11078	13007
11079	13008
11080	13009
11081	13010
11082	13011
11083	13012
11084	13013
11085	13014
11086	13015
11087	13016
11088	13017
11089	13018
11090	13019
11091	13021
11092	13020
11093	13022
11094	13023
11095	13024
11096	13025
11097	13026
11098	13027
11099	13028
11100	13030
11101	13029
11102	13031
11103	13033
11104	13032
11105	13034
11106	13037
11107	13036
11108	13035
11109	13039
11110	13038
11111	13040
11112	13041
11113	13042
11114	13043
11115	13044
11116	13045
11117	13046
11118	13047
11119	13048
11120	13049
11121	13050
11122	13052
11123	13051
11124	13053
11125	13055
11126	13054
11127	13056
11128	13057
11129	13058
11130	13059
11131	13061
11132	13060
11133	13062
11134	13063
11135	12076
11136	12077
11137	12078
11138	12080
11139	12088
11140	12087
11141	12094
11142	12084
11143	12083
11144	12096
11145	12095
11146	12082
11147	12081
11148	12097
11149	12098
11150	12092
11151	12093
11152	13066
11153	12091
11154	11550
11155	11549
11156	11579
11157	11578
11158	11583
11159	11555
11160	11556
11161	11562
11162	11561
11163	12099
11164	11582
11165	11486
11166	11485
11167	11530
11168	11410
11169	11409
11170	11482
11171	11484
11172	11483
11173	11481
11174	13070
11175	11554
11176	13073
11177	11441
11178	11440
11179	13074
11180	13069
11181	13072
11182	11411
11183	11412
11184	11439
11185	11438
11186	11479
11187	11529
11188	11558
11189	11557
11190	11480
11191	11489
11192	13078
11193	13075
11194	13079
11195	13077
11196	11406
11197	11405
11198	11575
11199	11510
11200	11528
11201	11488
11202	11517
11203	11434
11204	11433
11205	11559
11206	11574
11207	11487
11208	11515
11209	11408
11210	11443
11211	11407
11212	11478
11213	11477
11214	11448
11215	11472
11216	11444
11217	11473
11218	11447
11219	11572
11220	11573
11221	13080
11222	11551
11223	11442
11224	11446
11225	11445
11226	11474
11227	11476
11228	11475
11229	13082
11230	11509
11231	11516
11232	11462
11233	11461
11234	13081
11235	11423
11236	11460
11237	11459
11238	11540
11239	11424
11240	13083
11241	11571
11242	11539
11243	11519
11244	11496
11245	11495
11246	11553
11247	11552
11248	13084
11249	11421
11250	11426
11251	11425
11252	11497
11253	13085
11254	11537
11255	13089
11256	13086
11257	11391
11258	11392
11259	11564
11260	11567
11261	11538
11262	11422
11263	11394
11264	11393
11265	13087
11266	11527
11267	13088
11268	11428
11269	11414
11270	11413
11271	13091
11272	13090
11273	11565
11274	11566
11275	11427
11276	11416
11277	11415
11278	13092
11279	11502
11280	13093
11281	13098
11282	13102
11283	13097
11284	11503
11285	11526
11286	13096
11287	13099
11288	13095
11289	13100
11290	11512
11291	11470
11292	11469
11293	13106
11294	13101
11295	13103
11296	11536
11297	11505
11298	11504
11299	11570
11300	11436
11301	13104
11302	11499
11303	11513
11304	11471
11305	11430
11306	11429
11307	11534
11308	11535
11309	11455
11310	11456
11311	11541
11312	11542
11313	13105
11314	11569
11315	11518
11316	13094
11317	11514
11318	11437
11319	11435
11320	11498
11321	11432
11322	11431
11323	11458
11324	11500
11325	11451
11326	11543
11327	11544
11328	11591
11329	11501
11330	11533
11331	11590
11332	11450
11333	11588
11334	11452
11335	11492
11336	11449
11337	11397
11338	11531
11339	11524
11340	11493
11341	11468
11342	11398
11343	11395
11344	11467
11345	11511
11346	11454
11347	11420
11348	11419
11349	11490
11350	11396
11351	11491
11352	11563
11353	11532
11354	11522
11355	11465
11356	11404
11357	13108
11358	11403
11359	11506
11360	13109
11361	11466
11362	11417
11363	13113
11364	11418
11365	13110
11366	11400
11367	11401
11368	13065
11369	11508
11370	11507
11371	11584
11372	11546
11373	11463
11374	11464
11375	11545
11376	11523
11377	11457
11378	11453
11379	13112
11380	13111
11381	13114
11382	11402
11383	11521
11384	13116
11386	13115
11387	11585
13117	13117
13118	13118
13119	13119
13120	13120
13121	13121
13122	13122
13123	13123
13124	13133
13125	13134
13126	13137
13127	13136
13128	13135
13129	13139
13130	13138
13131	13141
13132	13140
13142	13143